2.3717736857979332
1.6347463294971771
1.7402114496423353
1.8115776296894048
1.8459409390568966
1.9196425081579898
1.9880632291090343
2.1023862500395865
2.1322062575963074
2.224765274432252
2.3376155227441435
2.4276234449969643
2.4939580341867087
2.61187613504139
2.6535928292801243
2.732343940539373
2.8498040358638215
2.864956901151207
3.000085989470738
3.011819448674419
3.0522575667887892
2.3724653022922735
1.7171804256500367
1.7131309202471567
1.8442712563946122
1.9697729522065521
1.9577602204832423
1.9665064991698442
2.0811782487458923
2.186236449649339
2.2785186494310126
2.3488582508515385
2.3711301614665743
2.4659290514061136
2.5635812192628866
2.6240590163406448
2.72706144761677
2.84002460245538
2.829746022365427
2.9189229753691857
3.0010489294831024
3.044388747250163
2.435670889543384
1.7611275249473655
1.7186057263813774
1.8472773860327758
1.9616121466250098
1.9688908100957851
2.0677075414234047
2.157058393869881
2.31242924226878
2.3554651610365585
2.4411564548221363
2.5383059332505695
2.4726488476335016
2.6071468593029477
2.7050647380357025
2.7736875667703256
2.83740255002933
2.9056010701266493
2.976225304381713
3.116711451883817
3.189293081950039
2.1854358783818415
1.5025335004367029
1.4888003246521815
1.5906169340341512
1.6199356762225872
1.6874613028379806
1.7906181525552964
1.8994495549120658
1.972629786668114
2.134887154436971
2.0787061614343716
2.186734933574898
2.2839336713601117
2.409431558502398
2.423050975861841
2.5564260447725147
2.635048664685797
2.7467639242555197
2.828598440462549
2.9084986845626886
2.9645921214080966
2.3159902815077675
1.6522912638113705
1.6032870016425218
1.7837549672876032
1.8141230832959245
1.910504001060625
1.9704955886615965
2.040986768833
2.144056048814384
2.2011519249029505
2.205977289425065
2.2997342510042333
2.401643178168035
2.454266342813479
2.563766440434307
2.714495518325309
2.740795317287028
2.873134837321796
2.9376563247688576
2.9762385107324247
3.031446971564843
2.0209844782830104
1.1569637618108513
1.2369273726740704
1.2901905001220089
1.4079689995461155
1.5047847400226448
1.6253970829448752
1.7451863607328728
1.8233010928580196
1.9211497908031148
2.007713897370611
2.0772147242822467
2.145946184798173
2.2412048932954693
2.370309883908655
2.4317798102507298
2.5375705930665737
2.631056832503312
2.6873077797143696
2.7698843016910746
2.8078309632644256
2.0197239163965586
1.153667243684491
1.23084354504379
1.3090361859414261
1.4132278260136744
1.516609875013395
1.6455641083103136
1.7131053797277853
1.8525221675905148
1.938747591924576
1.9862987167681965
2.057106433878568
2.1790884527963215
2.2409460397212237
2.3465798573326038
2.43051137665429
2.534379178466568
2.62260673866643
2.6604298260000254
2.7574791078655605
2.8057286765314107
2.2215364422269976
1.4465079103744203
1.5719877537662692
1.6016195682882164
1.6573769398489784
1.7597519869512979
1.8459404815884908
1.952428556403299
2.039028584910665
2.1092868636117794
2.230276659399357
2.2487691705350237
2.352552487720917
2.4170927727860234
2.5271854968688987
2.5774284826274516
2.706323872506157
2.755614322802875
2.812320998525138
2.8825805461191374
2.9366553889055558
2.1116904273337083
1.3162665924214245
1.3740285745262513
1.456088565096497
1.5610120566390333
1.6257869310876052
1.739703049175529
1.8088600684218175
1.8737893690675478
1.998951025350218
2.0554887430293873
2.1453583101236298
2.2425941040495254
2.335249221585946
2.4311157973281
2.5104955236117954
2.593756510647967
2.6624348811705243
2.7671751446637534
2.845168511768738
2.8904855669088785
2.051345932098205
1.1538805547573872
1.2463857189919927
1.2829303449112988
1.452863957388048
1.538693561154691
1.6308972667360795
1.7637855084947143
1.8340447190722058
1.9303549401408489
2.0457700969635018
2.106626262984904
2.20004315897045
2.304752121324667
2.4051217609215976
2.4927047238549673
2.579388556710262
2.6734221244846488
2.7221927730564284
2.8027891777353284
2.860271313310071
1.9229767623046434
0.9890412148239732
1.0696556785149374
1.1691007175872257
1.2654706387416328
1.388015312706069
1.4762254425395223
1.6008327403826164
1.7093323575348502
1.8203883580635303
1.9019015920332296
1.99767520328657
2.0796093714891715
2.18861003347606
2.287032443160373
2.386317650473017
2.472000053160032
2.5589953912784913
2.6374240026818407
2.702794413165318
2.759112630994407
